2835
4611
16022
5046
40673
18352
32227
43106
936
514
39614
487
617
34301
30522
4996
17892
32404
3131
3013
2926
14299
13921
26426
12513
20006
5518
18887
22609
7626
19875
19600
31106
100
23504
40218
18385
2612
43274
18892
23899
6894
45411
9621
39258
18870
9786
23648
37121
4098
44167
15725
43883
1167
990
4961
4621
42825
19572
22223
9030
156
10692
35013
5017
4561
5287
38349
5234
41372
26
4245
14679
18877
569
6518
889
19535
23618
4105
19198
3163
22638
32364
42420
3243
35652
36892
3167
2414
44418
27158
42086
22007
4625
27390
7367
4182
10479
17594
20632
13550
17492
24096
27987
1064
1587
14047
19298
10451
4800
37573
13554
5295
41423
974
36535
4217
3186
25176
4398
39804
10974
755
44240
18422
23574
40156
141
26678
22241
14138
20487
8461
43742
3618
22250
10494
18039
19994
3773
6169
20211
22991
4860
4441
45356
7622
34808
6765
18322
34311
2039
9395
6141
4516
25316
38708
35494
546
20081
45472
27986
27795
23908
5335
9463
15166
8668
3
11104
13724
32449
42352
6180
1231
19374
18573
10666
19038
14126
2215
8541
10169
5449
36629
6837
7902
4927
14134
22428
43525
4731
6284
18612
10050
42800
23289
28180
19138
32930
7087
28612
15034
41617
20713
35545
20660
16920
34971
18135
15527
803
923
18628
2673
27204
8737
3254
10070
38686
6035
6707
6029
14903
18630
5821
30495
16253
43704
23078
35330
19477
15819
7152
6632
18490
23945
15728
11118
31481
41943
5283
6664
2381
18450
44804
23514
20304
6923
4136
31907
10935
1605
14491
19784
19393
8646
22
5366
1908
26863
20147
43924
7202
16309
2330
34922
13721
19361
16694
9798
6996
8576
26862
39765
4549
20852
4983
28844
5865
32267
9195
17347
2102
19744
8961
31781
20645
12264
1790
7089
4784
27539
10656
28106
6970
8335
37049
5426
5130
20712
32
22875
31837
25313
26337
38705
6903
17567
1996
12442
13814
4186
11024
22586
5953
45317
14349
12378
6277
8248
34220
23317
19092
26467
4156
35912
3255
6905
3410
13993
6601
7383
9268
8927
40770
13570
8671
8936
23508
2400
9563
8768
27721
4153
189
6574
6275
8700
19060
512
39563
17422
3404
23560
7445
15412
10248
2495
23417
17366
8119
4309
23104
5842
8306
35091
4037
31073
7410
9709
9007
32423
8095
2688
43557
36556
20079
30322
932
7571
12272
15559
10274
23153
30828
13690
20389
13860
18112
5935
18987
14745
40426
31047
8886
42354
20087
9029
299
42886
6045
18736
27653
33189
35736
43820
4681
9603
28932
32424
28850
16765
16649
14236
27903
8615
23415
15159
2601
28745
36000
18153
23379
6810
14760
5399
11143
44343
39179
10919
44749
8110
6191
16714
5002
7467
27782
10845
8179
38953
32353
9692
1870
14805
6919
28173
5504
4278
31231
9206
3477
39705
7424
9907
31957
41730
7531
44329
1825
38143
40655
32646
2117
2150
6828
4551
6834
42479
27834
23682
20565
43927
9476
3072
41176
1570
4735
7759
3122
12354
23408
22034
44190
5727
14575
36555
27578
3191
242
14028
21979
26763
8025
3488
45013
40152
3050
7461
2442
6780
31374
3049
14026
1872
35031
4891
27164
361
8130
19223
24004
26664
22234
321
8476
9099
44952
57
4498
2528
1901
2153
1939
6094
8055
20373
37628
9792
3274
7223
3201
8635
7231
15165
31896
3194
2561
18251
9585
36683
14331
3150
28110
6992
7167
29952
14696
3738
14016
2644
4458
1713
40146
7282
981
2019
36549
22154
37672
34964
4588
3000
15293
9399
8080
4862
6665
7505
4647
1738
41801
30570
39016
44551
20139
3332
23868
598
7985
2681
14568
1675
2790
5134
26805
8063
4825
1121
382
10049
29944
6016
7238
32155
20024
3028
7165
2904
2686
5802
22507
6738
8121
3802
4315
17728
44229
23859
3099
28903
8611
31015
7715
9887
2682
30149
22504
17494
36652
38033
606
40044
7653
23920
44255
12328
20344
39904
17584
41
18272
26953
8054
19291
26975
43222
31665
44787
4597
42318
40292
16528
43381
45270
30562
17446
7722
7789
8708
22361
37603
2667
43599
18136
44011
4367
8854
44844
5119
13789
43270
17695
42008
44399
35963
5334
45065
35927
44905
26913
36897
5983
16313
1065
44935
44309
17655
40499
1801
22073
20101
10555
16408
42192
26502
18423
43572
44684
22285
22292
38155
22168
5057
43036
37119
22379
8138
43914
41959
5912
19412
8929
5945
16112
42340
14115
27566
3060
155
40828
19364
19776
7429
37736
10401
27125
39126
5962
1128
450
8752
22599
34234
2112
38847
41274
20230
22419
2484
19615
7443
36064
38013
43635
14921
35637
8912
15825
921
10334
20893
8017
32042
8750
39757
35472
1783
32539
43868
6932
37266
31944
4348
9830
11204
11224
5331
8810
40347
5993
7533
23802
22050
34714
19170
5982
14665
3371
16441
22579
27749
41604
26574
7801
27238
42915
10540
14581
28749
43833
8250
30962
4226
30400
162
4165
27876
41234
35888
35562
34824
5849
22956
14213
15517
39049
2342
32610
17595
19373
34952
7878
814
5848
40712
44984
14984
15626
22825
2108
23820
2335
22562
11113
16723
34893
4566
26331
9663
5141
19804
43728
16711
38528
18065
10812
19281
10970
7757
4912
39443
34226
28639
9701
14918
6182
30896
19979
6620
2199
466
14513
5317
9167
14193
42966
11162